1000
1429
6908
6069
6525
6378
6070
3233
7291
5040
6463
308
6924
2765
2463
1825
7797
4133
8253
3419
7470
2572
9126
9699
751
3688
4352
7735
8023
3738
7440
5758
1518
699
8179
8042
3428
4248
7626
718
9287
4089
1025
2563
6853
3488
739
4649
3972
8991
4419
7794
1562
3545
7492
8664
3584
1843
6398
1607
5580
3837
3716
7098
4536
1894
1491
4315
2493
9117
5033
8132
3205
6057
694
6409
5896
1432
1057
9868
422
1827
7661
8335
5371
5152
3350
5307
3346
9748
3265
5277
9936
6980
8726
823
5226
217
5138
4070
5685
170
2201
5241
2578
9246
1649
8474
7029
9057
8341
3802
883
2353
2136
2606
7504
1838
7912
7201
7937
1176
2477
7872
4507
1203
5047
6084
1419
6536
154
3455
3057
8706
8695
5634
7952
343
459
4980
9399
5151
8782
6633
7503
7269
9238
1358
9106
7149
8558
7042
4676
7387
1266
5535
8589
2664
1618
6359
9199
8123
9813
8607
6829
4859
592
4780
5201
1051
6111
951
6201
4892
7583
56
2161
6821
7765
7618
321
2675
1012
4997
61
2277
6883
5001
4940
8500
1359
490
2975
7523
9096
9803
2381
9687
4582
3933
7089
692
4883
9642
1936
8817
6049
448
5637
3813
8065
5958
6487
5428
7306
6547
7704
540
1547
8995
5391
9257
5836
8365
3131
1283
8167
5511
970
9100
9443
4410
6144
677
4051
8079
9494
99
8526
5130
264
2942
7439
6750
8370
1096
9649
2425
1635
7547
7772
7026
6804
3607
5390
6286
4890
9909
1797
2211
9008
7591
2972
5151
8268
3375
9581
7761
9825
8106
9242
88
7400
3033
3190
2121
480
2838
897
8467
6736
8668
1844
3539
8627
3585
6177
9868
3493
7973
8430
8853
5563
7753
4003
182
1127
3584
4294
952
8041
9888
7391
1792
2920
580
3912
9751
9769
1161
8217
6505
6180
60
6395
1158
3645
2571
1025
3489
543
5806
2341
2458
9911
6344
2639
1037
6279
6933
8340
671
6820
5731
2463
6091
2662
2726
2193
2431
3886
410
8935
66
6821
5329
7575
6817
4252
8600
306
4794
757
2646
3603
667
5341
2594
8056
7971
5878
2747
8642
9049
4829
1104
5139
7491
181
7331
6273
4067
4092
1559
484
913
3239
8058
7729
7490
3009
4386
8636
118
7032
2238
7136
8724
4831
5191
6695
708
4290
1688
9756
9118
2791
1246
2960
2971
8577
9232
3389
9020
790
3872
6284
4029
8282
4013
1518
1290
8398
153
7759
1781
8743
4895
6857
3573
6437
9903
4281
726
1590
388
9844
732
1634
2803
54
6562
8387
3443
5581
9176
3666
1865
9556
8299
2229
1074
5941
6978
7578
3699
5111
6320
8593
8319
6245
5030
8221
6877
2107
9810
7264
1950
6893
5249
1105
6946
1810
9491
6740
3743
5018
6758
1959
4574
1408
539
1999
7348
7516
5928
1047
8978
2248
5991
7296
4844
7372
5516
1720
9479
1677
8983
7780
4921
4232
8884
1867
2393
4726
4958
6135
9744
8067
4445
669
9475
4983
2667
3174
2499
8594
572
7828
7193
6563
5124
2036
3934
6991
3755
9764
5020
9090
7544
9940
9673
2779
8158
2065
3857
3116
4552
9952
7534
8996
620
3360
3979
9638
6534
2829
8231
7105
656
1776
19
2131
163
3953
9122
270
68
4141
9359
3963
432
5383
6742
8590
7447
6950
1705
8350
6901
5590
7346
7520
8950
7676
7157
5483
6856
1739
8939
3863
9866
8958
5994
29
9262
1467
298
9329
1959
6008
3292
2390
7742
6385
979
5188
9686
9035
9890
6586
977
3587
4105
9926
1262
7613
1760
4469
5703
698
8331
5569
6007
4324
5597
5268
2142
2246
949
452
4605
592
2842
2346
6976
172
3885
6661
5559
3774
9598
6535
7360
3702
2812
4973
7666
4571
9441
3368
1620
7772
8936
7627
8447
884
2894
6941
9481
194
7392
4085
785
233
2782
7760
6757
6667
772
2315
6792
6721
5201
504
422
8012
5476
4439
2582
1269
4159
553
9040
9446
8179
3838
330
7425
778
6162
7618
8170
6599
8403
4754
9380
2514
1510
2398
9638
176
9190
6358
5376
6045
3132
3387
1520
7570
2320
2788
1728
2873
8179
1174
7403
8369
7855
4827
9146
368
8797
3667
6966
3551
4773
2698
6064
2634
1447
2053
2810
6988
8411
4537
3032
7894
7924
904
5463
6595
43
3543
9467
8222
1068
6870
2942
5274
8048
2087
5641
6844
2106
8959
394
6878
8008
2810
9511
9454
4862
8672
6442
9624
3209
5825
7517
1132
6728
9332
4078
6771
9226
3545
1344
6645
6766
4285
1918
4813
6371
3910
8009
4828
9220
4754
8057
7227
3915
7568
3033
5129
6239
9474
4752
5799
5298
8621
3282
2026
7952
7360
5148
3529
904
6491
173
4021
775
8442
8833
3497
2351
3193
8325
7923
4299
6381
5149
8213
300
8181
3341
2891
4006
4445
8689
5656
3065
8323
4033
7368
5682
9180
7248
2937
5670
7420
6957
6444
5861
2141
9940
4563
1686
4616
2485
5984
997
3986
548
7648
2166
3889
538
2524
4685
5579
8179
4101
3901
2211
7820
5934
1390
5067
8870
3411
2486
5826
9854
4698
4318
6145
9260
6003
761
8097
1986
8109
2082
2534
5756
599
2774
2646
3122
7458
4576
7652
7910
8476
9862
5729
4409
7603
795
9630
1013
9632
5455
7218
4329
6124
3363
9940
2127
4123
8036
4112
8583
117
2997
690
7068
5770
3335
6541
9579
7910
4193
7488
2737
406
9568
3497
8009
6714
3126
5373
6345
4932
2591
7025
1056
2305
6965
3182
2779
1352
3645
1361
7821
6642
2050
4888
8763
1737
1428
8342
5998
5620
2181
8735
2378
8101
8583
6738
4814
8061
2110
7511
2992
1052
4535
399
9708
7851
9932
2486
9203
3577
198
7023
6570
2248
8262
5332
336
9689
25
6333
1661
8558
1419
4038
6658
2
7127
7823
4414
9236
1685
7405
6640
2572
4156
2699
422
4087
5185
5976
7663
5382
9350
584
3981
7611
5916
668
3652
2292
7001
1664
849
4771
5701
3858
1124